386843 8033501 18 16.8692 1.85691 -0.041597 0.970728
386844 16807655 96 18.8378 1.81991 -0.0153418 0.999874
386844 7968263 96 16.0341 1.89861 -0.0137162 0.958632
386946 1437487 2 19.8667 2.10283 -0.0149953 0.987736
386946 7296148 57 20.6797 1.47164 -0.0275667 0.99385
387414 7120223 82 21.8588 1.50828 -0.0177022 0.978639
387428 5455553 82 21.0342 1.99596 -0.0421566 0.989678
387430 3506984 36 19.6399 1.36713 -0.0438019 0.964887
387539 3665847 26 22.3599 1.712 -0.0390369 0.930669
387543 13135802 18 30.3821 1.63538 -0.00228129 0.997778
387550 2300235 67 19.4832 1.50815 -0.0106017 0.999946
387551 568880 96 37.6006 1.63419 -0.0294794 0.999187
387560 2514206 31 42.6677 2.1051 -0.0301663 0.986124
387561 1042158 73 35.8777 1.93234 -0.0315642 0.98565
387668 13460354 37 20.3685 1.47928 -0.0195743 0.94082
387668 8714063 20 31.0054 1.81811 -0.0133404 0.998902
387669 1201844 12 18.5382 2.15466 -0.0276151 0.999161
387802 11500205 56 16.1515 2.06208 -0.0153637 0.996938
387803 8335741 44 19.2748 2.00069 -0.00364828 0.999818
387967 16465838 105 16.3922 1.36112 -0.0306908 0.968377
388263 51185 55 24.9001 2.15539 -0.0142818 0.948247
388405 9006875 83 39.441 1.93813 -0.0367384 0.999163
388541 1360888 26 23.6601 2.33845 -0.0178621 0.994626
388541 6631196 10 19.3525 1.60069 -0.0310998 0.94616
388632 2124976 80 21.5168 1.76742 -0.0253546 0.999448
388634 14251182 95 49.1472 1.5336 -0.0162264 0.967605
388634 14487713 8 39.5616 1.58955 -0.0238234 0.999927
388745 12708480 76 18.5968 1.67916 0.00916449 0.920614
388837 33232079 18 19.2252 1.89882 -0.0266213 0.977764
388838 14339366 89 22.3594 1.8876 -0.0289993 0.949757
388865 19488521 87 17.0134 1.61052 -0.0101487 0.981601
388978 8406999 60 19.5155 1.97374 -0.0336784 0.971703
389122 15561626 29 19.2708 2.28999 -0.0309593 0.986234
389123 9557606 61 34.7584 1.95776 -0.0339514 0.961012
389126 10776099 54 21.4047 2.06594 -0.01402 0.961402
389326 6826027 45 18.8309 1.48583 -0.00258076 0.983284
389334 17410803 100 16.251 1.83689 -0.0161502 0.968053
389338 8859077 43 23.0738 1.75456 -0.00483973 0.992206
389339 27623099 76 33.0948 2.29019 -0.0343578 0.941901
389436 19722601 17 22.2123 2.2976 -0.0059435 0.986259
389436 25245309 33 16.7256 2.1237 -0.00833055 0.952465
389436 7506627 1 25.2721 1.47074 0.000821406 0.9732
389471 5568701 31 58.2896 1.38173 -0.0152396 0.999865
389560 4356333 43 16.1158 2.0183 -0.0111618 0.99525
389576 16669270 52 27.3503 2.0833 -0.0323337 0.921223
389576 665830 11 49.5936 1.61894 -0.0384041 0.973213
389578 11543325 52 22.5238 1.47733 -0.0272799 0.961945
389579 21473230 91 16.7321 1.67117 -0.000718707 0.994093
389752 4676952 10 25.6052 1.76917 -0.025388 0.999853
389766 3741524 10 20.6133 1.86194 -0.00875983 0.996716
389766 5158567 57 18.9757 1.79567 -0.0034184 0.99992
389907 11798205 95 22.8922 2.13192 -0.0293595 0.924445
389907 4012240 31 30.9506 1.95802 -0.0102056 0.998382
390318 14487512 32 16.2521 1.94424 -0.0144265 0.923805
390318 2651601 40 16.5546 1.90148 -0.0377344 0.921379
390318 4544136 63 21.3789 2.12444 -0.0138507 0.997198
390319 9809914 103 17.6495 1.50793 -0.0038898 0.995719
390421 19871821 117 17.2002 1.69879 -0.00482053 0.992329
390423 3923161 22 21.8663 2.31078 -0.0217932 0.958526
390518 25982478 1 16.47 1.55705 -0.0248585 0.996724
390518 3848725 41 19.6967 2.08376 -0.00530693 0.984838
390540 15405429 40 17.554 1.97819 -0.0369178 0.984009
390670 9435127 83 37.6631 1.99176 -0.012896 0.988402
390674 20949189 76 18.3646 1.49904 -0.0152075 0.957699
391036 27177555 40 30.0272 1.93767 0.00494429 0.977965
391049 7692806 95 17.7139 1.96249 -0.0173175 0.993389
391169 1746373 6 16.1595 1.78302 -0.021075 0.947095
391175 5437883 45 27.9396 1.58871 -0.0120545 0.999852
391374 5839261 31 24.9293 2.09521 -0.0136641 0.966503
391442 20414164 56 32.0846 1.61524 -0.0279499 0.977212
391446 8515500 16 17.1517 2.28065 -0.0277982 0.975818
391447 15867432 72 21.6802 1.98727 -0.0179264 0.990952
391467 12664378 70 31.7187 2.22812 -0.019387 0.953304
391469 15539714 78 16.7913 1.60496 -0.00927462 0.972524
391573 12114428 1 25.9764 2.05194 -0.023545 0.965104
391583 4127746 66 28.4301 1.47024 -0.00533523 0.965205
391863 3899523 91 40.9489 1.98751 -0.0012965 0.995531
391872 17757380 61 30.365 2.16841 -0.019641 0.993207
391873 3030913 69 42.5027 1.43445 -0.00772194 0.957039
391875 5448041 85 28.0985 1.47534 0.00603883 0.975318
391966 8028321 10 16.3768 1.66791 -0.0130338 0.997285
392027 10115525 32 21.9565 2.35635 -0.00974851 0.984618
392104 5253949 6 43.554 1.43496 -0.0334527 0.996685
392104 7864746 53 17.6844 1.85324 -0.0339357 0.951396
392152 16411642 44 20.3364 2.01617 -0.0203042 0.944751
392152 22885333 11 21.2173 1.91996 -0.0151273 0.996987
392226 1770549 88 16.5469 2.19023 -0.028513 0.95246
392228 19035461 55 29.9609 1.93076 -0.0174504 0.982615
392282 7375088 35 18.7048 2.09876 -0.012798 0.998862
392299 26179221 5 16.3473 1.80007 -0.00512824 0.994779
392359 14285228 65 20.486 1.63915 -0.00243871 0.993174
392359 23932380 49 21.3851 1.62131 0.00714996 0.94245
392541 7307393 37 17.8833 2.27844 0.00331758 0.934159
392542 3231243 118 43.247 2.24976 0.00218614 0.950003
392546 22029914 38 20.4427 1.5363 -0.00759972 0.995765
392811 19898111 30 19.8374 1.55418 -0.0195466 0.999516
392811 29574574 30 28.6434 1.50104 0.00627691 0.988057
392844 1016675 9 24.4953 1.91498 -0.0165888 0.99226
392846 2762157 82 31.9463 1.95125 -0.00939797 0.966132
392848 10577039 105 24.5767 2.11895 0.000301459 0.981369
392922 146485 119 19.7878 1.5515 -0.0236823 0.973283
392925 11467442 64 16.0243 1.80305 -0.0359644 0.994895
392925 30104157 87 20.4051 1.84617 -0.0142449 0.992593
392926 5751068 16 19.2497 1.5091 -0.00393024 0.998836
392928 3017485 39 27.9701 1.50452 -0.0178204 0.96958
392942 327012 85 36.5999 1.89045 -0.0201043 0.945033
392942 4505656 13 17.9832 1.80177 -0.0146595 0.992425
392943 25385832 117 30.0289 1.80087 0.00910036 0.99964
392943 7701081 29 21.3194 1.86795 0.000645058 0.980093
393062 17871668 10 23.6275 2.1824 -0.0399973 0.934793
393064 567567 66 31.9814 1.77075 -0.0414704 0.998158
393068 569782 41 18.2978 1.58759 -0.0172339 0.979894
393345 12927464 92 22.2978 1.57618 -0.0348563 0.956007
393471 5524686 5 16.3901 1.90673 -0.0332715 0.954418
393482 5648420 1 28.5571 2.24193 -0.0224106 0.992358
393574 1568127 69 33.6414 1.39828 -0.0264711 0.959463
393575 7560415 30 20.9499 1.5009 -0.0329009 0.993675
393575 9777908 93 22.9334 1.56981 -0.0193151 0.989923
393576 1522795 69 19.0457 1.84342 -0.0393657 0.996307
393628 16743775 92 18.9802 1.64749 -0.00540719 0.954474
393628 17022975 83 21.8361 1.85804 -0.0447901 0.96256
393673 487369 58 43.3456 1.7795 0.00836934 0.986298
393674 2671359 73 20.2384 1.60241 0.00360415 0.939893
393805 20170109 96 20.981 1.44689 -0.0322916 0.985879
393885 16327756 67 21.6302 1.69039 -0.0242479 0.948286
393886 12217632 75 19.2486 1.18427 -0.0281732 0.984764
393888 769690 100 21.1827 1.55022 -0.0257987 0.998579
393890 211218 27 16.0077 1.45714 -0.0193237 0.997709
393901 3199741 13 27.1705 1.91428 -0.0259287 0.998231
393902 16441551 14 20.4963 1.97515 -0.0265033 0.974134
393905 2211049 101 18.4724 1.89257 -0.0132859 0.995167
394002 5531315 73 26.6192 1.9069 -0.00991316 0.999267
394003 2047056 82 16.5295 1.51702 0.000818122 0.994977
394004 5991469 66 46.5114 1.43348 -0.0114123 0.98822
394048 553922 119 20.0738 2.10028 -0.0272741 0.996836
394050 11481212 40 33.8996 1.81283 -0.011799 0.967099
394054 20720589 88 20.21 1.85074 -0.0233948 0.98134
394056 20391323 55 34.1297 1.38435 -0.0170538 0.945623
394056 26970732 0 16.8742 1.64529 -0.0142018 0.928912
394067 4047936 6 16.7896 1.10129 -0.0148788 0.965726
394068 4393802 61 18.0306 1.25816 -0.00964277 0.991945
394069 3274946 6 28.7048 1.70158 -0.035536 0.971617
394070 5192870 6 20.5339 1.77537 -0.0188555 0.999999
394070 6736506 22 17.0709 1.4987 -0.00306442 0.92991
394072 19219944 102 22.7664 2.04023 -0.00541522 0.996444
394272 20336475 20 34.9484 1.5939 -0.0233275 0.998566
394388 23942118 65 20.1043 2.08702 -0.011907 0.99994
394388 25728929 89 18.3679 1.66442 -0.0358656 0.929599
394391 6244540 65 25.6443 1.92741 -0.0159233 0.986792
394398 1363044 79 44.6801 1.63957 -0.0330869 0.955553
394398 1426253 95 30.2843 1.56764 -0.019984 0.996194
394398 8655541 104 19.1764 1.85396 -0.0333774 0.999895
394402 25706741 7 16.4029 1.99725 -0.0136941 0.961348
394422 16770677 52 45.9152 1.57042 0.00303381 0.940909
394671 20095750 58 22.8518 1.34414 -0.0168116 0.999554
394676 11743435 2 20.5849 1.63611 -0.00757673 0.996525
394677 14814709 73 32.7746 1.99095 -0.0101885 0.934859
394682 874663 47 24.9877 1.52606 -0.011809 0.947673
394702 14477336 21 17.5978 1.96803 -0.0304251 0.999545
394739 2766596 68 21.0691 1.91826 -0.025201 0.954976
394745 784110 36 20.0832 1.54535 -0.0442598 0.98489
394748 12629082 43 16.9946 1.94153 -0.0387262 0.992549
394750 4886048 91 17.4673 1.46848 -0.0268595 0.96763
394962 10106978 81 17.2905 1.64838 -0.000277357 0.999337
394962 12029715 10 29.0867 2.18125 -0.0228686 0.993677
394962 24639746 82 42.1132 1.50117 -0.0152946 0.999887
394969 13764539 25 25.6629 1.56343 -0.0222965 0.985645
394969 23167495 10 18.7657 1.50813 -0.0387062 0.935184
394979 5174261 55 18.813 2.12816 -0.0363124 0.990442
394981 2680161 103 40.1573 1.669 0.00957952 0.996841
394982 13443952 56 18.3719 1.49185 -0.00759938 0.969095
395096 12124119 43 36.188 1.50959 -0.0238369 0.999517
395096 14038707 4 24.278 2.01643 9.41804e-06 0.998967
395102 4452666 118 47.8337 1.68565 -0.011097 0.97992
395102 6516250 118 36.1888 1.26283 -0.019069 0.994917
395103 2449320 21 16.8609 2.1528 0.00353387 0.994826
395229 5761566 9 31.7778 1.78991 -0.0427239 0.928295
395231 13912364 66 46.2193 1.5565 0.00949222 0.978023
395242 1316390 47 19.1894 1.68125 -0.0268061 0.988002
395244 21414720 71 17.3528 1.57861 -0.00687705 0.992834
395244 6464826 95 33.05 2.02806 -0.0429895 0.931687
395390 7271392 38 33.3406 1.41326 0.00612373 0.996632
395397 13140056 45 17.5685 1.60417 0.000719266 0.994681
395398 2310149 117 50.6108 1.78299 -0.0141507 0.938245
395402 11182624 54 31.4907 1.52519 -0.0201009 0.971845
395408 29695354 91 16.335 1.3674 0.00877559 0.99063
395419 16169909 98 17.4497 1.77571 -0.0134786 0.973164
395420 14548318 10 33.6538 1.35453 -0.0141523 0.984444
395430 18018801 1 36.9243 1.78474 0.00588543 0.982386
395432 14332769 57 16.3408 1.93794 -0.00654928 0.986425
395432 20269892 34 16.0618 1.57598 -0.0120442 0.999797
395526 2895951 0 58.306 1.62572 -0.00599813 0.955008
395526 4567723 15 16.7037 1.80575 0.00113259 0.983997
395545 14947052 35 16.7192 1.62717 -0.0139187 0.981583
395545 15251672 19 17.1506 2.05551 -0.0330967 0.971753
395545 21826627 84 24.5671 2.05674 0.000323381 0.97914
395545 2412072 12 23.1103 1.48324 -0.0113748 0.947209
395545 4277492 68 19.9836 1.56977 -0.0281984 0.993193
395552 20234567 12 25.7698 1.72961 -0.010381 0.980051
395553 26353601 59 17.4957 1.40683 -0.00404314 0.986461
395587 18587819 70 22.1327 1.35889 -0.00126391 0.970228
395588 30553575 101 20.4912 1.79956 -0.0142732 0.99717
395590 2963565 78 22.9482 1.72313 -0.0150325 0.995219
395593 5472533 78 20.3545 1.36193 -0.00610564 0.993446
395594 7668605 38 19.9339 1.4317 -0.00743384 0.998551
395595 6448295 29 17.3044 1.82267 -0.0187148 0.990855
395639 9494221 57 33.6894 1.71774 -0.0192641 0.95489
395770 14776562 102 24.1306 1.78061 -0.00259038 0.973436
395770 6881534 53 21.1097 1.7416 -0.0283884 0.975148
395771 6229945 70 19.2966 1.93497 -0.0321335 0.994001
395776 17573824 102 17.0132 1.40765 -0.0324032 0.992182
395777 18275768 69 18.5868 1.7118 -0.0308709 0.935934
395777 22416106 22 43.1953 1.61056 -0.0244058 0.972493
395808 4088205 60 18.0345 1.58378 -0.0483609 0.962419
395809 15945169 35 27.8747 1.46369 -0.0263726 0.932512
395813 5999922 44 35.0613 2.13742 0.00168766 0.995239
395817 14676476 60 16.3157 1.57833 -0.0182229 0.995529
395901 2213282 66 16.113 1.35478 -0.00987762 0.94878
395907 6731141 1 57.0772 1.52283 -0.0269494 0.98838
395940 21139820 79 31.7714 2.04633 -0.00107082 0.999268
396049 14387337 20 37.201 1.78583 -0.00608592 0.999761
396054 16827550 4 49.2539 1.5491 -0.0150745 0.998577
396058 7994054 22 17.0143 1.45763 -0.0274769 0.950295
396070 1595898 46 30.5591 1.80614 -0.0166901 0.994362
396070 18079607 102 18.6208 1.5288 -0.0199991 0.923049
396073 9974384 38 26.4586 1.75426 -0.0270308 0.978649
396268 5432151 1 24.1059 1.91589 0.00667362 0.97008
396274 13088433 97 30.8389 1.49655 -0.00180324 0.995146
396274 17813444 41 27.755 2.02983 0.00829183 0.93442
396274 19096484 105 26.3064 2.1511 -0.0150007 0.96902
396274 9419809 97 16.8563 1.59962 -0.0190897 0.938994
396412 8360609 117 29.0176 1.32318 -0.0393063 0.995216
396417 10084057 46 21.365 1.90725 -0.00910032 0.974674
396418 1377075 37 29.17 1.76753 -0.0495874 0.960464
396418 18220446 29 32.2529 1.57669 -0.00748317 0.925785
396433 16675997 83 20.8282 1.2939 -0.0159894 0.990928
396435 12638634 4 18.4599 2.03393 -0.0200196 0.986362
396435 15424530 43 43.7525 1.27271 -0.0300079 0.933826
396435 29099858 44 52.8028 1.71566 -0.0230268 0.987915
396437 11498175 20 29.2324 2.05768 -0.0138715 0.954429
396437 17026032 76 35.0085 2.08258 0.00437877 0.989524
396437 29842271 92 19.3972 1.3199 -0.0307406 0.979075
396438 10420924 100 26.6736 1.49128 -0.0302291 0.926844
396440 2713276 51 46.0401 2.05278 -0.042428 0.994793
396440 9343714 51 23.9572 1.80554 -0.014416 0.985362
396545 24478666 26 18.0673 1.85414 -0.0228949 0.943087
396546 855370 50 47.8887 1.67457 -0.0303358 0.938549
396561 4624699 57 17.2512 1.75236 -0.0247895 0.948815
396614 37190595 79 28.764 1.70156 -0.0357503 0.942001
396616 23005497 71 35.431 1.21173 -0.0222555 0.947031
396617 1317506 87 16.4604 1.30697 -0.0280192 0.985532
396617 13776550 104 20.5902 2.04467 -0.0220036 0.957714
396618 13785833 72 19.6524 2.11792 -0.0231137 0.993222
396618 2335334 64 20.3093 2.16657 -0.0360011 0.977874
396628 2598316 19 32.4789 1.81592 -0.00310598 0.922405
396630 25095035 83 16.4621 1.98936 -0.017263 0.984626
396630 30183307 43 20.0751 1.7169 -0.0227928 0.999404
396631 2728348 12 47.8829 1.25375 -0.0335564 0.94614
396634 9096769 75 17.5489 1.84302 -0.0179354 0.992296
396636 2907668 83 20.2388 1.95491 -0.0191667 0.996778
396680 4220043 38 17.3889 1.66899 0.00588636 0.994158
396681 9353266 77 22.841 1.23467 -0.0148214 0.962907
396682 12006600 5 18.8672 1.72249 -0.0192228 0.968637
396682 21172324 45 18.4218 1.83813 0.000677922 0.975099
396684 2679796 78 28.8322 1.5639 0.00810858 0.99079
396760 349919 90 19.2872 2.01629 -0.0412276 0.978959
396760 4710127 42 17.6663 1.30171 -0.0437595 0.966958
396761 11234919 90 18.1662 2.1938 -0.0390182 0.997079
396767 30210884 17 23.8319 2.34602 -0.0348648 0.999601
396803 6081353 95 20.4437 1.5955 0.00155501 0.996615
396887 6955657 62 17.0526 1.9474 -0.00437441 0.999042
396887 7028595 93 23.5073 1.51885 -0.0354665 0.971587
396888 10882905 77 16.8359 1.46624 -0.00772416 0.974454
396888 22054797 5 17.6809 2.11287 -0.0278984 0.995434
396890 32203169 86 20.1791 1.92172 -0.0048922 0.999726
396891 10700721 93 29.606 2.18724 -0.0188177 0.999785
396891 12378950 77 17.3761 2.25844 -0.00877056 0.981414
396891 5542230 21 17.4209 1.97326 -0.00417461 0.977243
396910 18650603 100 18.3061 1.67009 -0.0274315 0.981515
396910 19129399 92 44.2478 1.33865 -0.0337438 0.994545
396910 4295551 51 17.8771 1.56428 -0.0348634 0.937558
396915 22215830 115 23.6802 1.51692 0.00316435 0.991203
396994 7907320 2 20.5931 1.63097 -0.00538477 0.951019
396999 1148969 57 32.5097 2.08416 -0.00683264 0.994874
396999 24221596 90 16.4797 1.77978 -0.00976065 0.992143
396999 5334720 41 27.5052 1.13941 -0.0428558 0.998482
396999 5388481 34 54.6391 1.86412 -0.0337834 0.932647
397062 1995812 23 24.391 1.25805 -0.0365638 0.972555
397067 22313323 72 27.181 1.76561 0.0032884 0.990192
397068 13511904 88 34.7396 1.9236 -0.0299084 0.967415
397068 9051810 32 23.7052 1.93318 -0.0017456 0.999815
397069 13479714 39 16.4018 1.71026 -0.00722129 0.972476
397070 11045278 15 19.2363 2.12575 -0.024548 0.970524
397070 21052634 32 28.4649 1.6688 -0.0275072 0.924988
397176 19212517 73 28.1596 1.52762 -0.0343143 0.968117
397176 23508288 57 16.9239 1.88772 -0.0174315 0.997381
397178 1189577 9 28.264 1.65823 0.00582057 0.987483
397178 4476927 81 28.4634 1.75384 0.000468122 0.983912
397181 10786903 100 39.4063 1.95822 -0.0399276 0.984868
397181 12012454 35 33.5571 1.95906 -0.00768521 0.999133
397181 12525877 3 16.1904 1.71953 -0.0330636 0.992767
397181 2316085 83 20.1414 1.78094 -0.0145901 0.995691
397184 10225310 20 20.9637 1.72436 -0.0368093 0.925864
397201 7687444 21 42.5407 1.6725 -0.0314285 0.993076
397201 9935107 45 16.153 1.83596 -0.0459525 0.931547
397201 9993330 53 28.037 1.67901 0.00974876 0.929713
397208 15040317 29 20.0718 1.65783 -0.0259643 0.920923
397290 7446563 66 18.9016 1.72836 -0.0218023 0.925397
397291 17277302 9 54.18 1.4356 -0.00354899 0.934894
397291 21472527 105 56.8671 1.64895 -0.00326258 0.936189
397293 12608129 50 33.8864 1.47735 -0.0102499 0.999893
397293 22575372 50 26.2751 1.2948 -0.0286558 0.936563
397293 3108483 58 18.6698 2.00499 -0.00623633 0.980885
397315 15572694 23 24.7565 1.1365 -0.00371134 0.982245
397315 4553350 95 17.8854 1.42625 0.00880428 0.961635
397316 6921712 7 18.4486 1.30509 0.00307481 0.954666
397317 2915517 63 59.9388 1.86724 -0.00885959 0.988964
397320 13075878 24 44.0432 1.7292 -0.0161636 0.950041
397320 7689064 96 16.2324 1.53992 -0.00963645 0.99124
397322 3389363 103 27.7414 1.28861 -0.0272425 0.987922
397401 6754526 14 23.8747 1.53027 0.00313479 0.979509
397404 1599421 21 27.6801 2.04613 -0.040536 0.978663
397404 21063099 69 17.7066 1.8731 -0.0019789 0.948272
397404 32415919 53 23.4966 1.6695 -0.0487114 0.923762
397404 34967238 29 18.7329 2.22342 -0.0196059 0.999254
397407 29029223 37 16.285 1.32819 -0.00859396 0.924745
397431 2645857 75 35.1319 1.36858 -0.00643475 0.99755
397431 7637820 19 22.4197 1.33392 -0.0158142 0.93904
397432 17481119 115 16.1156 1.7813 -0.0254067 0.991206
397432 22493194 44 37.73 1.25532 0.00201168 0.953089
397433 28789898 36 16.2051 2.1583 -0.0208759 0.978791
397433 501506 43 21.1445 1.39528 -0.0338105 0.939335
397434 11681887 99 23.9105 1.65931 -0.00394131 0.99732
397437 9681268 115 19.9049 1.53686 -0.0033177 0.925073
397513 26596786 82 21.7784 2.04279 -0.03577 0.995758
397513 4903632 50 17.5427 1.77395 -0.016785 0.967625
397515 1289672 26 20.0347 1.25769 -0.0107838 0.999735
397515 16236043 82 27.8233 2.1388 -0.0170865 0.990017
397515 19635055 58 18.736 1.68135 -0.00229563 0.954268
397515 22498686 57 29.1499 2.27275 -0.0245245 0.972799
397515 32167833 98 30.3456 1.94273 -0.0420541 0.927882
397517 283744 105 23.3308 1.2124 -0.0221213 0.945317
397520 4401810 82 19.2362 1.52306 -0.0027339 0.993986
397525 13321196 80 22.0743 1.8531 -0.0369686 0.999269
397525 28929958 80 17.4236 1.89965 -0.0151489 0.988136
397527 6165169 8 21.7234 1.50229 -0.0283145 0.925249
397531 5931408 40 18.6607 1.94105 -0.047663 0.977285
397532 2136902 80 39.0997 1.78588 -0.0303004 0.976281
397535 14814624 72 40.8222 1.53615 -0.0230627 0.980272
397535 1557053 40 39.933 1.98335 -0.0465095 0.961885
397582 2202834 115 17.6259 2.28501 -0.0257473 0.966025
397589 15831255 67 50.1719 1.49786 0.00584198 0.990641
397589 17288277 51 17.7063 1.84392 -0.026694 0.994917
397589 4024602 83 19.6351 1.7478 -0.0180754 0.99922
397590 6419909 43 21.3837 1.75219 -0.0179647 0.999311
397692 12045753 30 16.6185 1.57087 -0.0299021 0.924223
397692 29548770 37 20.662 2.10799 -0.0394784 0.954401
397692 601409 102 27.3466 1.45984 -0.0196423 0.998005
397700 15712422 21 35.601 1.82276 -0.0367854 0.926538
397700 9937122 118 17.5206 1.68784 -0.00558733 0.999183
397702 5679223 62 43.8618 1.71121 -0.0351969 0.971551
397706 13943289 29 16.2247 1.50942 -0.0137512 0.985284
397706 1661492 86 16.4309 1.68973 -0.000354009 0.98329
397706 16781025 30 41.7462 1.31608 -0.0126593 0.969125
397706 18027404 29 23.8744 1.41771 -0.0306028 0.998949
397708 15035709 21 19.2728 1.51846 -0.0323721 0.95903
397711 11559756 85 20.804 1.35486 -0.0146023 0.974223
397714 11942471 29 25.3621 1.8147 -0.019698 0.999772
397714 4747429 118 25.4389 1.95407 -0.008765 0.985986
397714 5731576 69 21.9434 1.85397 0.00358403 0.998689
397864 15068982 95 44.7687 1.81466 -0.0136925 0.97796
397864 6764756 48 27.2962 1.85605 -0.0353806 0.974117
397934 12516844 13 46.0311 1.67724 -0.00563474 0.970376
397989 1917794 20 17.1267 1.83726 -0.0232862 0.974496
397989 98541 27 27.8681 1.93365 -0.0148298 0.92488
