386843 8033501 18 16.8692 1.85691 -0.0415971 0.970742
386844 16807655 96 18.8378 1.81991 -0.0153418 0.999875
386844 7968263 96 16.0341 1.89861 -0.0137169 0.958763
386946 7296148 57 20.6797 1.47164 -0.0275671 0.993853
387414 7120223 82 21.8588 1.50828 -0.017703 0.978651
387428 5455553 82 21.0342 1.99596 -0.0421568 0.989712
387430 3506984 36 19.6399 1.36713 -0.0438029 0.964908
387539 3665847 26 22.3599 1.712 -0.0390367 0.930722
387543 13135802 18 30.3821 1.63538 -0.00228205 0.99778
387560 2514206 31 42.6677 2.1051 -0.0301664 0.986178
387668 13460354 37 20.3685 1.47928 -0.0195738 0.940851
387668 8714063 20 31.0054 1.81811 -0.0133404 0.998906
387803 8335741 44 19.2748 2.00069 -0.0036486 0.999818
387967 16465838 105 16.3922 1.36112 -0.0306909 0.968396
388405 9006875 83 39.441 1.93813 -0.0367372 0.999163
388541 6631196 10 19.3525 1.60069 -0.0310998 0.946188
388632 2124976 80 21.5168 1.76742 -0.0253546 0.99945
388634 14251182 95 49.1472 1.5336 -0.0162287 0.967614
388634 14487713 8 39.5616 1.58955 -0.0238233 0.999927
388745 12708480 76 18.5968 1.67916 0.00916448 0.920658
388837 33232079 18 19.2252 1.89882 -0.026622 0.977777
388838 14339366 89 22.3594 1.8876 -0.028999 0.949786
388865 19488521 87 17.0134 1.61052 -0.0101486 0.981614
388978 8406999 60 19.5155 1.97374 -0.0336783 0.971791
389122 15561626 29 19.2708 2.28999 -0.0309592 0.986273
389123 9557606 61 34.7584 1.95776 -0.0339513 0.961036
389126 10776099 54 21.4047 2.06594 -0.0140203 0.961424
389326 6826027 45 18.8309 1.48583 -0.00258073 0.983295
389334 17410803 100 16.251 1.83689 -0.0161501 0.968068
389338 8859077 43 23.0738 1.75456 -0.00483975 0.99221
389339 27623099 76 33.0948 2.29019 -0.0343577 0.942091
389436 19722601 17 22.2123 2.2976 -0.00594351 0.986262
389436 25245309 33 16.7256 2.1237 -0.00833053 0.952487
389436 7506627 1 25.2721 1.47074 0.000823154 0.973211
389560 4356333 43 16.1158 2.0183 -0.0111611 0.995259
389576 16669270 52 27.3503 2.0833 -0.0323345 0.921464
389578 11543325 52 22.5238 1.47733 -0.0272799 0.961955
389579 21473230 91 16.7321 1.67117 -0.000718675 0.994098
389752 4676952 10 25.6052 1.76917 -0.0253881 0.999854
389766 3741524 10 20.6133 1.86194 -0.00875989 0.996718
389766 5158567 57 18.9757 1.79567 -0.00341823 0.99992
389907 11798205 95 22.8922 2.13192 -0.0293594 0.924471
389907 4012240 31 30.9506 1.95802 -0.0102056 0.998383
390318 14487512 32 16.2521 1.94424 -0.0144269 0.923861
390318 2651601 40 16.5546 1.90148 -0.037735 0.92142
390318 4544136 63 21.3789 2.12444 -0.0138509 0.997199
390319 9809914 103 17.6495 1.50793 -0.00388986 0.995721
390421 19871821 117 17.2002 1.69879 -0.00482055 0.992335
390423 3923161 22 21.8663 2.31078 -0.0217932 0.958542
390518 25982478 1 16.47 1.55705 -0.0248585 0.996734
390518 3848725 41 19.6967 2.08376 -0.00530696 0.984845
390540 15405429 40 17.554 1.97819 -0.0369183 0.984019
390670 9435127 83 37.6631 1.99176 -0.0128959 0.988437
390674 20949189 76 18.3646 1.49904 -0.0152072 0.957827
391036 27177555 40 30.0272 1.93767 0.00494401 0.978047
391049 7692806 95 17.7139 1.96249 -0.0173181 0.993391
391169 1746373 6 16.1595 1.78302 -0.0210751 0.94778
391175 5437883 45 27.9396 1.58871 -0.0120545 0.999852
391442 20414164 56 32.0846 1.61524 -0.0279474 0.97722
391446 8515500 16 17.1517 2.28065 -0.0277983 0.975885
391447 15867432 72 21.6802 1.98727 -0.017927 0.990972
391467 12664378 70 31.7187 2.22812 -0.0193872 0.953461
391469 15539714 78 16.7913 1.60496 -0.00927519 0.972545
391573 12114428 1 25.9764 2.05194 -0.0235449 0.965219
391863 3899523 91 40.9489 1.98751 -0.00129483 0.995533
391872 17757380 61 30.365 2.16841 -0.0196412 0.993209
391873 3030913 69 42.5027 1.43445 -0.0077219 0.957056
391875 5448041 85 28.0985 1.47534 0.00603932 0.975333
392027 10115525 32 21.9565 2.35635 -0.00974874 0.984629
392104 5253949 6 43.554 1.43496 -0.0334507 0.996686
392104 7864746 53 17.6844 1.85324 -0.0339358 0.951413
392152 16411642 44 20.3364 2.01617 -0.0203045 0.944783
392152 22885333 11 21.2173 1.91996 -0.0151272 0.996998
392228 19035461 55 29.9609 1.93076 -0.0174507 0.982622
392282 7375088 35 18.7048 2.09876 -0.012798 0.998863
392299 26179221 5 16.3473 1.80007 -0.00512825 0.994794
392359 14285228 65 20.486 1.63915 -0.00243874 0.993179
392359 23932380 49 21.3851 1.62131 0.00714989 0.942486
392541 7307393 37 17.8833 2.27844 0.00331798 0.934189
392542 3231243 118 43.247 2.24976 0.0021867 0.950026
392546 22029914 38 20.4427 1.5363 -0.00759975 0.995768
392811 19898111 30 19.8374 1.55418 -0.0195478 0.999516
392811 29574574 30 28.6434 1.50104 0.00627625 0.98806
392846 2762157 82 31.9463 1.95125 -0.00939823 0.966153
392848 10577039 105 24.5767 2.11895 0.000301565 0.981382
392922 146485 119 19.7878 1.5515 -0.0236824 0.973297
392925 11467442 64 16.0243 1.80305 -0.0359644 0.994897
392925 30104157 87 20.4051 1.84617 -0.0142449 0.992596
392926 5751068 16 19.2497 1.5091 -0.00392989 0.998836
392928 3017485 39 27.9701 1.50452 -0.0178204 0.969662
392942 327012 85 36.5999 1.89045 -0.0201039 0.943115
392942 4505656 13 17.9832 1.80177 -0.0146601 0.992429
392943 25385832 117 30.0289 1.80087 0.0091 0.99964
392943 7701081 29 21.3194 1.86795 0.000644813 0.980105
393062 17871668 10 23.6275 2.1824 -0.0399971 0.934993
393064 567567 66 31.9814 1.77075 -0.041468 0.998159
393164 29373405 10 16.9123 2.0365 -0.0303898 0.984863
393175 10168749 2 22.7535 1.87817 -0.0438362 0.987934
393175 9336413 18 21.1166 1.64188 -0.0154167 0.930934
393178 30073567 49 26.1323 1.51535 -0.0150839 0.974315
393345 12927464 92 22.2978 1.57618 -0.034856 0.956032
393471 5524686 5 16.3901 1.90673 -0.0332712 0.954446
393482 5648420 1 28.5571 2.24193 -0.0224107 0.992383
393575 7560415 30 20.9499 1.5009 -0.0329006 0.993677
393575 9777908 93 22.9334 1.56981 -0.0193155 0.989956
393576 1522795 69 19.0457 1.84342 -0.0393659 0.99631
393628 16743775 92 18.9802 1.64749 -0.00540718 0.954477
393628 17022975 83 21.8361 1.85804 -0.0447903 0.962669
393674 2671359 73 20.2384 1.60241 0.00360322 0.939926
393805 20170109 96 20.981 1.44689 -0.0322915 0.985888
393885 16327756 67 21.6302 1.69039 -0.0242478 0.948315
393886 12217632 75 19.2486 1.18427 -0.0281728 0.984773
393888 769690 100 21.1827 1.55022 -0.0257978 0.99858
393890 211218 27 16.0077 1.45714 -0.0193239 0.99771
393901 3199741 13 27.1705 1.91428 -0.0259287 0.998235
393902 16441551 14 20.4963 1.97515 -0.0265035 0.974138
393905 2211049 101 18.4724 1.89257 -0.0132857 0.99517
394004 5991469 66 46.5114 1.43348 -0.0114151 0.988224
394054 20720589 88 20.21 1.85074 -0.0233949 0.981352
394056 20391323 55 34.1297 1.38435 -0.017054 0.945657
394056 26970732 0 16.8742 1.64529 -0.0142014 0.928928
394070 5192870 6 20.5339 1.77537 -0.0188557 0.999999
394070 6736506 22 17.0709 1.4987 -0.00306425 0.929951
394072 19219944 102 22.7664 2.04023 -0.00541656 0.996446
394272 20336475 20 34.9484 1.5939 -0.0233274 0.998567
394388 23942118 65 20.1043 2.08702 -0.011907 0.999941
394388 25728929 89 18.3679 1.66442 -0.0358654 0.929632
394391 6244540 65 25.6443 1.92741 -0.0159239 0.986799
394398 1363044 79 44.6801 1.63957 -0.0330872 0.955589
394398 8655541 104 19.1764 1.85396 -0.0333774 0.999895
394402 25706741 7 16.4029 1.99725 -0.013694 0.961444
394422 16770677 52 45.9152 1.57042 0.00303428 0.940941
394671 20095750 58 22.8518 1.34414 -0.0168118 0.999554
394676 11743435 2 20.5849 1.63611 -0.00757642 0.996528
394677 14814709 73 32.7746 1.99095 -0.0101889 0.934892
394682 874663 47 24.9877 1.52606 -0.0118089 0.947704
394702 14477336 21 17.5978 1.96803 -0.0304254 0.999547
394739 2766596 68 21.0691 1.91826 -0.0252016 0.95509
394745 784110 36 20.0832 1.54535 -0.0442595 0.984939
394748 12629082 43 16.9946 1.94153 -0.0387268 0.992552
394962 10106978 81 17.2905 1.64838 -0.000276816 0.999338
394962 12029715 10 29.0867 2.18125 -0.0228679 0.993679
394962 24639746 82 42.1132 1.50117 -0.0152959 0.999887
394969 13764539 25 25.6629 1.56343 -0.0222961 0.985687
394969 23167495 10 18.7657 1.50813 -0.0387061 0.935232
394979 5174261 55 18.813 2.12816 -0.0363129 0.990472
394981 2680161 103 40.1573 1.669 0.00957986 0.996851
394982 13443952 56 18.3719 1.49185 -0.00759879 0.969119
395096 12124119 43 36.188 1.50959 -0.0238373 0.999517
395096 14038707 4 24.278 2.01643 9.84332e-06 0.998971
395102 4452666 118 47.8337 1.68565 -0.0110974 0.979932
395229 5761566 9 31.7778 1.78991 -0.0427241 0.928336
395231 13912364 66 46.2193 1.5565 0.009491 0.978041
395242 1316390 47 19.1894 1.68125 -0.0268057 0.988041
395244 21414720 71 17.3528 1.57861 -0.00687728 0.992837
395244 6464826 95 33.05 2.02806 -0.0429901 0.931731
395390 7271392 38 33.3406 1.41326 0.0061238 0.996634
395397 13140056 45 17.5685 1.60417 0.00071918 0.994684
395398 2310149 117 50.6108 1.78299 -0.0141506 0.93827
395402 11182624 54 31.4907 1.52519 -0.0201019 0.971867
395408 29695354 91 16.335 1.3674 0.00877598 0.990846
395419 16169909 98 17.4497 1.77571 -0.0134787 0.973182
395430 18018801 1 36.9243 1.78474 0.00588344 0.98239
395432 14332769 57 16.3408 1.93794 -0.00654931 0.986435
395432 20269892 34 16.0618 1.57598 -0.012044 0.999797
395526 2895951 0 58.306 1.62572 -0.0059936 0.955146
395526 4567723 15 16.7037 1.80575 0.00113186 0.984002
395545 14947052 35 16.7192 1.62717 -0.0139186 0.981591
395545 15251672 19 17.1506 2.05551 -0.033096 0.971816
395545 21826627 84 24.5671 2.05674 0.000323506 0.979144
395545 2412072 12 23.1103 1.48324 -0.0113748 0.947249
395545 4277492 68 19.9836 1.56977 -0.0281973 0.993198
395552 20234567 12 25.7698 1.72961 -0.0103805 0.980065
395553 26353601 59 17.4957 1.40683 -0.00404318 0.986464
395587 18587819 70 22.1327 1.35889 -0.00126426 0.970246
395588 30553575 101 20.4912 1.79956 -0.0142733 0.997181
395590 2963565 78 22.9482 1.72313 -0.0150328 0.995228
395593 5472533 78 20.3545 1.36193 -0.00610564 0.993451
395594 7668605 38 19.9339 1.4317 -0.00743279 0.998552
395770 14776562 102 24.1306 1.78061 -0.0025909 0.973455
395770 6881534 53 21.1097 1.7416 -0.0283884 0.975169
395776 17573824 102 17.0132 1.40765 -0.0324028 0.992187
395777 18275768 69 18.5868 1.7118 -0.0308711 0.93615
395777 22416106 22 43.1953 1.61056 -0.0244057 0.972568
395808 4088205 60 18.0345 1.58378 -0.0483609 0.96244
395809 15945169 35 27.8747 1.46369 -0.0263724 0.932563
395813 5999922 44 35.0613 2.13742 0.00168828 0.995252
395817 14676476 60 16.3157 1.57833 -0.0182228 0.995532
395907 6731141 1 57.0772 1.52283 -0.0269486 0.988388
395940 21139820 79 31.7714 2.04633 -0.00107082 0.999268
396049 14387337 20 37.201 1.78583 -0.00608635 0.999762
396054 16827550 4 49.2539 1.5491 -0.0150736 0.998578
396058 7994054 22 17.0143 1.45763 -0.0274777 0.95044
396070 1595898 46 30.5591 1.80614 -0.0166902 0.994379
396070 18079607 102 18.6208 1.5288 -0.0199987 0.923088
396073 9974384 38 26.4586 1.75426 -0.0270294 0.978661
396274 13088433 97 30.8389 1.49655 -0.0018028 0.995149
396274 17813444 41 27.755 2.02983 0.00829179 0.934624
396274 19096484 105 26.3064 2.1511 -0.0150011 0.969035
396274 9419809 97 16.8563 1.59962 -0.0190893 0.939606
396412 8360609 117 29.0176 1.32318 -0.0393068 0.995232
396417 10084057 46 21.365 1.90725 -0.00910041 0.974775
396418 1377075 37 29.17 1.76753 -0.0495873 0.960487
396418 18220446 29 32.2529 1.57669 -0.00748308 0.925818
396433 16675997 83 20.8282 1.2939 -0.0159898 0.990934
396435 12638634 4 18.4599 2.03393 -0.0200187 0.986392
396435 29099858 44 52.8028 1.71566 -0.0230266 0.98792
396437 11498175 20 29.2324 2.05768 -0.0138716 0.954455
396437 17026032 76 35.0085 2.08258 0.00437883 0.989548
396437 29842271 92 19.3972 1.3199 -0.0307406 0.979088
396438 10420924 100 26.6736 1.49128 -0.0302289 0.926863
396440 2713276 51 46.0401 2.05278 -0.0424284 0.994796
396545 24478666 26 18.0673 1.85414 -0.0228955 0.943096
396546 855370 50 47.8887 1.67457 -0.0303344 0.938731
396561 4624699 57 17.2512 1.75236 -0.0247899 0.948945
396614 37190595 79 28.764 1.70156 -0.0357504 0.94204
396616 23005497 71 35.431 1.21173 -0.022254 0.947062
396617 13776550 104 20.5902 2.04467 -0.0220033 0.957862
396618 13785833 72 19.6524 2.11792 -0.023114 0.993227
396618 2335334 64 20.3093 2.16657 -0.0360008 0.977885
396630 25095035 83 16.4621 1.98936 -0.0172633 0.984635
396630 30183307 43 20.0751 1.7169 -0.0227926 0.999404
396634 9096769 75 17.5489 1.84302 -0.0179354 0.9923
396682 12006600 5 18.8672 1.72249 -0.0192232 0.968649
396682 21172324 45 18.4218 1.83813 0.000678184 0.975117
396684 2679796 78 28.8322 1.5639 0.00810825 0.990797
396760 349919 90 19.2872 2.01629 -0.0412267 0.979029
396761 11234919 90 18.1662 2.1938 -0.0390183 0.997089
396767 30210884 17 23.8319 2.34602 -0.0348647 0.999601
396803 6081353 95 20.4437 1.5955 0.00155522 0.996616
396887 6955657 62 17.0526 1.9474 -0.00437478 0.999044
396887 7028595 93 23.5073 1.51885 -0.0354666 0.971604
396888 10882905 77 16.8359 1.46624 -0.00772417 0.974524
396888 22054797 5 17.6809 2.11287 -0.0278992 0.995448
396890 32203169 86 20.1791 1.92172 -0.00489235 0.999726
396891 12378950 77 17.3761 2.25844 -0.00877074 0.98146
396910 18650603 100 18.3061 1.67009 -0.0274302 0.98152
396910 19129399 92 44.2478 1.33865 -0.0337443 0.99456
396910 4295551 51 17.8771 1.56428 -0.0348636 0.937596
396915 22215830 115 23.6802 1.51692 0.00316469 0.99123
396994 7907320 2 20.5931 1.63097 -0.00538502 0.951046
396999 1148969 57 32.5097 2.08416 -0.00683241 0.99489
396999 24221596 90 16.4797 1.77978 -0.00976075 0.992164
396999 5334720 41 27.5052 1.13941 -0.0428539 0.998483
396999 5388481 34 54.6391 1.86412 -0.0337839 0.932658
397067 22313323 72 27.181 1.76561 0.00328846 0.990228
397068 13511904 88 34.7396 1.9236 -0.0299087 0.967434
397068 9051810 32 23.7052 1.93318 -0.00174611 0.999815
397069 13479714 39 16.4018 1.71026 -0.0072222 0.972491
397070 11045278 15 19.2363 2.12575 -0.0245479 0.970544
397176 19212517 73 28.1596 1.52762 -0.0343143 0.968142
397176 23508288 57 16.9239 1.88772 -0.0174319 0.997382
397178 1189577 9 28.264 1.65823 0.00581898 0.987491
397181 10786903 100 39.4063 1.95822 -0.0399281 0.984674
397181 12012454 35 33.5571 1.95906 -0.00768693 0.999134
397181 12525877 3 16.1904 1.71953 -0.0330634 0.99277
397184 10225310 20 20.9637 1.72436 -0.0368089 0.92591
397201 7687444 21 42.5407 1.6725 -0.0314287 0.993081
397201 9935107 45 16.153 1.83596 -0.0459527 0.931583
397201 9993330 53 28.037 1.67901 0.00974935 0.929732
397208 15040317 29 20.0718 1.65783 -0.0259633 0.920953
397291 17277302 9 54.18 1.4356 -0.00354928 0.934919
397291 21472527 105 56.8671 1.64895 -0.00326275 0.936363
397293 12608129 50 33.8864 1.47735 -0.0102498 0.999893
397293 22575372 50 26.2751 1.2948 -0.0286563 0.936773
397293 3108483 58 18.6698 2.00499 -0.00623585 0.980894
397315 15572694 23 24.7565 1.1365 -0.00371135 0.982249
397315 4553350 95 17.8854 1.42625 0.00880387 0.961646
397317 2915517 63 59.9388 1.86724 -0.00885964 0.988973
397320 13075878 24 44.0432 1.7292 -0.0161659 0.950138
397320 7689064 96 16.2324 1.53992 -0.00963638 0.991246
397401 6754526 14 23.8747 1.53027 0.00313335 0.979559
397404 1599421 21 27.6801 2.04613 -0.0405361 0.978671
397404 21063099 69 17.7066 1.8731 -0.00197896 0.948419
397404 32415919 53 23.4966 1.6695 -0.0487121 0.923802
397404 34967238 29 18.7329 2.22342 -0.019606 0.999257
397431 2645857 75 35.1319 1.36858 -0.00643488 0.997551
397431 7637820 19 22.4197 1.33392 -0.0158146 0.939251
397432 17481119 115 16.1156 1.7813 -0.0254065 0.99123
397432 22493194 44 37.73 1.25532 0.00201536 0.9531
397433 28789898 36 16.2051 2.1583 -0.0208763 0.978797
397433 501506 43 21.1445 1.39528 -0.0338104 0.939368
397437 9681268 115 19.9049 1.53686 -0.00331759 0.925107
397513 26596786 82 21.7784 2.04279 -0.0357702 0.995774
397513 4903632 50 17.5427 1.77395 -0.0167859 0.967643
397515 16236043 82 27.8233 2.1388 -0.0170868 0.990048
397515 19635055 58 18.736 1.68135 -0.00229501 0.954295
397515 22498686 57 29.1499 2.27275 -0.0245246 0.972869
397515 32167833 98 30.3456 1.94273 -0.0420539 0.927902
397520 4401810 82 19.2362 1.52306 -0.00273385 0.99399
397525 13321196 80 22.0743 1.8531 -0.0369683 0.999271
397525 28929958 80 17.4236 1.89965 -0.015149 0.988143
397527 6165169 8 21.7234 1.50229 -0.0283143 0.925291
397531 5931408 40 18.6607 1.94105 -0.0476626 0.977296
397532 2136902 80 39.0997 1.78588 -0.0303005 0.97634
397535 14814624 72 40.8222 1.53615 -0.0230626 0.980288
397535 1557053 40 39.933 1.98335 -0.0465097 0.962015
397582 2202834 115 17.6259 2.28501 -0.0257468 0.966141
397589 15831255 67 50.1719 1.49786 0.00584249 0.990647
397589 17288277 51 17.7063 1.84392 -0.026694 0.994934
397589 4024602 83 19.6351 1.7478 -0.0180755 0.999223
397590 6419909 43 21.3837 1.75219 -0.0179649 0.999311
397692 12045753 30 16.6185 1.57087 -0.0299024 0.92428
397692 29548770 37 20.662 2.10799 -0.0394785 0.954555
397692 601409 102 27.3466 1.45984 -0.0196423 0.998006
397700 15712422 21 35.601 1.82276 -0.0367855 0.926555
397700 9937122 118 17.5206 1.68784 -0.00558759 0.999183
397702 5679223 62 43.8618 1.71121 -0.0351978 0.971568
397706 13943289 29 16.2247 1.50942 -0.0137509 0.985288
397706 16781025 30 41.7462 1.31608 -0.01266 0.969144
397706 18027404 29 23.8744 1.41771 -0.0306027 0.998952
397708 15035709 21 19.2728 1.51846 -0.0323727 0.959041
397711 11559756 85 20.804 1.35486 -0.0146023 0.97431
397714 11942471 29 25.3621 1.8147 -0.0196983 0.999773
397714 4747429 118 25.4389 1.95407 -0.00876504 0.98603
397714 5731576 69 21.9434 1.85397 0.00358406 0.998671
397864 15068982 95 44.7687 1.81466 -0.0136922 0.977973
397934 12516844 13 46.0311 1.67724 -0.0056363 0.970383
397989 1917794 20 17.1267 1.83726 -0.0232861 0.97451
397989 98541 27 27.8681 1.93365 -0.0148296 0.925129
398009 5305695 11 45.9664 1.63639 -0.0138643 0.992534
398009 5696404 115 16.8968 1.49086 -0.011285 0.997104
398010 17378915 115 17.9391 1.91938 -0.0498682 0.998693
398012 16241339 83 16.2764 1.38207 -0.00927304 0.983854
398012 21427348 75 45.8102 1.21267 -0.0146528 0.969019
398120 10196367 75 19.6534 1.79275 -0.0290683 0.978966
398122 13473610 68 31.5282 1.84993 0.00201746 0.993265
398122 16530278 68 17.9391 1.58764 -0.0226001 0.98043
398122 4087774 67 23.9298 1.67526 -0.0127677 0.950531
398123 15385003 59 16.6179 1.8075 -0.0086238 0.989815
398123 4001584 59 24.8221 1.88549 -0.0234867 0.991283
398124 18829276 92 25.7941 1.69987 -0.0232352 0.999914
398124 9772454 51 18.9334 1.43294 -0.0244189 0.992275
398125 22303515 68 30.0778 1.12575 -0.00868046 0.967309
398138 3926868 84 16.1332 1.52137 -0.0169004 0.98267
398142 7051860 20 16.2147 1.75811 -0.00155313 0.9998
398147 1063681 11 25.2147 1.99351 -0.0394332 0.978902
398147 26540641 83 17.2825 1.87046 -0.0347274 0.926345
398149 29566040 59 30.9819 1.34252 -0.0328455 0.961041
