386773
386775
386776
386777
386825
386826
386827
386828
386829
386830
386831
386833
386838
386839
386841
386843
386844
386881
386882
386883
386884
386941
386942
386943
386946
386947
386948
386950
386951
386952
386954
387027
387068
387070
387072
387073
387076
387077
387078
387081
387082
387083
387086
387128
387129
387131
387138
387139
387227
387247
387250
387290
387292
387412
387414
387415
387423
387424
387428
387430
387431
387433
387436
387539
387541
387543
387546
387550
387551
387552
387557
387558
387560
387561
387564
387565
387566
387570
387571
387572
387649
387651
387658
387659
387660
387661
387666
387668
387669
387670
387671
387672
387673
387674
387676
387710
387719
387721
387724
387725
387784
387785
387787
387788
387790
387792
387793
387801
387802
387803
387806
387808
387809
387963
387966
387967
387968
387969
388004
388019
388020
388021
388022
388023
388038
388039
388042
388047
388050
388051
388052
388261
388263
388264
388265
388266
388403
388404
388405
388495
388536
388537
388538
388539
388540
388541
388545
388547
388548
388632
388633
388634
388638
388640
388690
388692
388693
388694
388696
388697
388698
388699
388700
388720
388721
388723
388724
388726
388742
388743
388744
388745
388837
388838
388839
388840
388858
388859
388860
388862
388863
388864
388865
388866
388978
388980
388981
388984
388985
388986
389119
389120
389121
389122
389123
389124
389126
389252
389254
389257
389310
389320
389321
389322
389323
389324
389325
389326
389327
389334
389335
389336
389337
389338
389339
389424
389433
389434
389435
389436
389444
389445
389446
389447
389469
389471
389557
389558
389559
389560
389562
389570
389571
389573
389575
389576
389577
389578
389579
389586
389587
389588
389589
389590
389701
389702
389703
389750
389752
389755
389756
389758
389759
389760
389761
389762
389765
389766
389767
389768
389904
389906
389907
389908
389909
390026
390029
390030
390031
390032
390033
390038
390039
390174
390175
390176
390230
390231
390232
390234
390236
390237
390239
390306
390311
390312
390313
390314
390315
390316
390318
390319
390418
390419
390421
390422
390423
390424
390425
390507
390510
390511
390512
390515
390517
390518
390519
390537
390538
390539
390540
390541
390542
390613
390615
390653
390665
390667
390669
390670
390674
390677
390942
390943
390944
390946
390952
390954
390955
390958
390959
390961
390962
390963
390964
390965
390966
391036
391041
391047
391048
391049
391050
391051
391100
391167
391169
391170
391173
391174
391175
391177
391288
391291
391293
391296
391371
391372
391374
391375
391376
391377
391385
391442
391445
391446
391447
391449
391450
391465
391466
391467
391468
391469
391470
391471
391566
391567
391569
391573
391579
391580
391583
391584
391585
391588
391722
391728
391813
391815
391816
391817
391818
391819
391857
391860
391861
391862
391863
391871
391872
391873
391875
391876
391966
391967
391968
391969
391970
391982
391998
392014
392015
392021
392022
392023
392026
392027
392028
392102
392103
392104
392105
392106
392147
392148
392152
392154
392155
392156
392157
392160
392162
392218
392220
392225
392226
392227
392228
392231
392267
392276
392277
392279
392280
392281
392282
392285
392292
392293
392294
392296
392297
392298
392299
392353
392354
392355
392359
392415
392418
392420
392421
392422
392428
392429
392430
392431
392540
392541
392542
392545
392546
392548
392712
392713
392714
392715
392716
392811
392814
392818
392819
392820
392821
392836
392837
392838
392840
392842
392844
392845
392846
392848
392922
392923
392925
392926
392928
392934
392941
392942
392943
392944
392946
392947
393051
393054
393056
393061
393062
393064
393066
393067
393068
393164
393167
393175
393176
393177
393178
393179
393180
393182
393183
393341
393342
393343
393345
393349
393351
393456
393457
393458
393460
393461
393462
393464
393469
393471
393478
393481
393482
393483
393484
393485
393486
393487
393529
393530
393531
393534
393574
393575
393576
393577
393578
393579
393581
393598
393599
393600
393601
393616
393619
393627
393628
393673
393674
393677
393795
393797
393798
393805
393809
393810
393883
393885
393886
393888
393890
393891
393897
393898
393901
393902
393905
394002
394003
394004
394005
394007
394048
394049
394050
394053
394054
394055
394056
394057
394060
394061
394062
394065
394066
394067
394068
394069
394070
394072
394266
394269
394272
394273
394368
394388
394389
394390
394391
394398
394400
394401
394402
394403
394406
394407
394416
394417
394420
394421
394422
394423
394424
394525
394526
394528
394532
394533
394534
394538
394539
394669
394671
394676
394677
394679
394682
394683
394684
394688
394689
394690
394692
394693
394698
394699
394700
394701
394702
394703
394704
394739
394741
394742
394743
394744
394745
394746
394748
394750
394751
394962
394963
394964
394965
394968
394969
394970
394976
394977
394978
394979
394980
394981
394982
395096
395098
395099
395102
395103
395223
395225
395228
395229
395230
395231
395233
395238
395239
395242
395244
395389
395390
395396
395397
395398
395399
395402
395405
395406
395407
395408
395411
395412
395413
395419
395420
395421
395429
395430
395431
395432
395526
395527
395544
395545
395546
395549
395550
395551
395552
395553
395587
395588
395589
395590
395591
395592
395593
395594
395595
395597
395599
395639
395640
395641
395642
395643
395645
395646
395647
395648
395731
395732
395733
395734
395768
395769
395770
395771
395775
395776
395777
395808
395809
395810
395811
395813
395816
395817
395819
395882
395883
395884
395899
395901
395907
395908
395912
395939
395940
395941
396048
396049
396050
396051
396054
396056
396058
396061
396063
396064
396065
396066
396067
396069
396070
396072
396073
396074
396075
396268
396269
396274
396276
396277
396279
396280
396363
396366
396412
396413
396414
396415
396417
396418
396433
396434
396435
396437
396438
396439
396440
396544
396545
396546
396547
396549
396552
396554
396560
396561
396562
396563
396612
396614
396615
396616
396617
396618
396619
396627
396628
396629
396630
396631
396633
396634
396635
396636
396677
396678
396680
396681
396682
396683
396684
396760
396761
396762
396764
396765
396766
396767
396768
396785
396790
396799
396802
396803
396887
396888
396889
396890
396891
396910
396911
396914
396915
396916
396918
396919
396993
396995
396997
396998
396999
397000
397066
397067
397068
397069
397070
397176
397177
397178
397181
397182
397183
397184
397201
397205
397206
397207
397208
397290
397291
397293
397294
397295
397296
397297
397313
397315
397316
397317
397318
397319
397320
397322
397401
397402
397403
397404
397405
397407
397431
397432
397433
397434
397436
397437
397438
397440
397511
397512
397513
397515
397516
397517
397519
397520
397522
397524
397525
397526
397527
397531
397532
397533
397534
397535
397577
397580
397581
397582
397585
397587
397588
397589
397590
397692
397694
397700
397702
397705
397706
397707
397708
397710
397711
397712
397714
397715
397733
397734
397735
397737
397738
397864
397866
397867
397868
397917
397929
397933
397934
397935
397938
397989
397990
398005
398007
398009
398010
398011
398012
398013
398014
398015
398016
398017
398018
398019
398020
398026
398027
398028
398029
398030
398031
398119
398120
398122
398123
398124
398125
398129
398130
398131
398132
398133
398134
398137
398138
398139
398140
398142
398143
398144
398145
398146
398147
398148
398149
